function listOfSubjects = global_subjectList_navi()
% List of all artifact free subjects included on NAVIGASTRIC final analysis
% IR 28/06/2017
% 
% listOfSubjects = [1:23 25 26 28 29 30 31 32 33 34 35 36 37 38 91 96]

% listOfSubjects = [2:5 11 12 13 15 17 18 19 20 21 22 23 25 26 28 29 30 31 32 33 34 35 36 37 38 ]

% listOfSubjects = [1:23 25 26 28 29 30 31 32 33 34 35 36 37 38]
listOfSubjects = [1:10 12 13 15:19 21 22 23 25 26 27 29 30 31 32 33 34 35 36 38 91 96]


